function ECE2311hw6Q1()
N = [1 16];
D = [1 8 22 20];
end

